$ANSIBLE_VAULT;1.1;AES256
36323265636332393937363839646533383032663932323964613536646665333064666363393034
3963626632643265613932326137313362666635636131320a663433643539343461333836373264
35656631353034356663343533383838396630613836653837303137663365623132383966383464
3331613466616262310a623130656431303664613734646163366233663033323638386632316339
62646365343333313163363139616632646430356335363062663730656266613737383538653231
39376635383264666663373464346466343465376238643638373736353965303534336164356535
65633265306461613361666165333537613934346262356330383064393034396237323639303732
30313238323038623033346636666330613235333862326537643363323534333534613466396332
38383532613065663365306335393262363033623263393463663033323563643364306536373462
37376538633166326234613565633035303235323235393637313237363964343465623263323434
64383866623161393161366233373133326265353266666136393639316265343264633263626434
61306463336466383332616635643561633061643732323933333863326238383362626633643832
62343138616338386237333165333836383039323130666438383131333439326262306465663566
61356330393939626436333336326638383066363665393833616336363137303137386464343839
66336463396365656665383961323164656536626631393562616639343862333331396130633631
33303935313666613632326562636533333939343961653935383766383364333636353362343930
63613136376636626662616539613836343139653633353336636336313562306461356166396434
33383931396362646533353130616331646338353065623131363838636164316637303532633535
37396337316664393737343931313632636466333064323761336262336132333334346163666138
62303264643233653531663336363763306465656163383330313036353430373730303531653265
61343635396538376531373434393037316163306135613635616264616437653035643534336561
65663930363231633635643236656464356239323062313362326237323437393966386436613036
36373537626665313665333764643261623134633737353933376233643733323330663863336432
62626636646530643734313464346365326235663333346133323762346433306132376366376565
66383732343233636564343538663339336163363466396430636534366465353535303263323236
35666266363064636334386664636261336566623538653034373166333536366636376437653937
37396363363237353934363165663330343931376363613366306539633466313031393961653338
62303731303061366132323866623930623566666537393937386431313032623462323139636533
65303565373636643564316138313266303263633363326435376363656565613336616134303034
65323664363739623133376533646637333236353462313063303630656566326538333137633233
66383533653136396133306535383863393836366631653266653534636436643061346438336466
61646337326537343733333537333934356533663239613166396566316435666430633561303364
35656637663530643635326132373635376331626233653038636331653436393534363133343631
34326332373862326532663936313163313137343635313731303064643132343938353430343333
32336431336261383237383034333364396630613432653438666239653739386638376339396364
63663961363863616432343766653661653162346431616165303731396638626436396262616233
34613365346431663939353631393565363532326164346333393465616137386430336337363431
35653766666536353032656338313466623038646538633032653137333234303139343163363436
39663531393133623238663964356264343638656337633430613639616264313635373465386561
30623234303766386536336635336465663363646538376462366432336231396338306465343132
63383934613236353565616538373430663530646537303139336538376666393566343261356261
63336433376635346238636335303263623936666533623232663162643139343566376431656165
66303937646337323434373832383561626234643962313364366437613564373461626361303930
36343738393539346339363138376466396531623338396434623231633035623138383166396233
61663334626334663730643538383733623564353861643565393636616138346337353431643738
38623666353438356638643462623031623463666165663533613732323865383364363432616161
34646261396362376237386534316363636364636239633638356531383532643137366664373937
65393061343063363563376561353266613733306435653638303461643839353930306261326433
64393931393261336433323633666264353961333034333931393730306637333630643565323364
32646462326438653666643066646639653638376266623136616535326263363132313763623664
38316537336365313737653036326531633937323334613262636231643861313961383331643063
38643833643061343366616531663063366132343161373232333133656236303464313363376461
66383536393831323264663534656632616432616236323231653232623932386533613465396139
63613333386365646461396561323762353734653733626532313464323430623732656535616132
38396634313039633536646631333636346537333036343337623630366231363939303533626130
63336239663065643861663663313432663534613863376133626231663466396139303235653763
34633231363465343636646632643665333533613536656165363031643830336137623035383535
37636634616632313531373436346135666339313037383532663939363532613933383764653363
39353030313730313531323761666139363061633933643361353466316564333634313132343765
65633930633163333838666363633066313434343261633934313865623735373566383431376130
62393833336664616531343132316266613438643639333565353662656236306439616163326164
66323066663061353732333335363063363636316636653364343963633962313630386537623862
65373734353632653364643763333230346338623536303565306464646637343536616564646462
66366563303161376232613836386664656134643165613730613933393464366662666362306631
64366237623931396438353864313030623862623063396237623561326436626336613738343863
66336161366238313635336134633232343931396133323536393466373162343332353736643438
35303037616133326238343138336163636231333634333766653465643736623932356563613161
31613666383735313463386566333162343334383534663839313031353330626632386564326433
35393861383039356233323565663361376130313839376430336531636436336436356162373233
39623961346263343466376435653935383637343938383736373138353936616338303438653139
38636166376438636337663263646663633335313538336361326432623730303039613839613136
63306665633039303764386665333932343565396137356236643637336565663536383436346632
61313064343837636135336364323464643464386134353336633034303162366336663437656366
62643163633162646565666637306631336330633136653362626266343237353232353438616434
32366465656266626638356435623665376664346533656663356230383135646330373764343461
37643835303234333832303637326232623139666538623338353432313961643763343533383638
30623066336333306639333632613238393830313038383132313331656230336336323862316364
34653431643736303663643666336566636363383063656664643130613033653966313035313636
39343237323462356361663539393561353437346537376565636530653239303234363464393031
66383534336330323236643933336162353838373266393831616135613264326437646130636331
38633066623834343531306238616232393239333434633564303532353264646639633933393532
39643733373032363335633031323932366465616633303930663336643666666136366662303761
32333661313565623937633431323430666632383639313032323330303930643965356435616635
64653535663766383530366537373030363333383666306666663735356333366161613637356234
39633638663532656632363362666237306664366335646165666236343032656335323864623935
65636133323763376561626265653763633630306336323338636363646365646133363166396138
34393936356365653837613134366238313437396337396437653431623430643130343233656665
31386365613364313764666133326166666262636631326362353330613233643964323064316433
35323739363935663961623433313937303635323434663366313262393637623163353034666439
64303434333432333963643261656262303032303533623732346566626531356339313964303066
36383330623538316237326530643265646464396331626133363537653330623530633833356663
64613131663936656361303136356634613265393561363430643861616138373737353966366565
64663663386264633238643437373761346465393430656461386662323134313938316331616265
66323931396563326638306232363730613331653166363966633566653137336336353639366431
35336533633334626561303061373166336635366534393463626562343865633334613936303866
66656332646638623430323337653731613865386166303239633465333064363733393966363633
64343035323931626233343162363361613663356535643261346334383930383238643430303130
30353638363830613939383734663739386466373565323839636630613830623737313834353830
62633839336434353363613639636630613939653339313762346230373562383137313264333663
62663339646238306231633764623432376135626563313336303162663561316130646334333638
33643462333034313161653864656662333733333761316634366362396363376561336363336632
33323937363435633436376133613132363238643231316431383063333932383337643937646336
39326630653465643730613532326636356561326262343965626638666331643531373736653738
39656237643764313062666464323238663833343038316138623562616336663566633739613437
32333466636634626131633434343032643138313833383335336637663361353330626532623461
39326535653834353730663037333832616434636535326534316466323836333333356432326166
62633837666362333266353061646631613464313837326364323064633938623964353262313431
39653161616431376330343937366266383434313333313839613932333434353233386632616232
36333966336337363432346532343139623265353039633932346564626534663163363239646661
38303134623234363430666163393230653335303532333361396263376265343536626537363630
32643964333663313538636438636135343239313464646262663138346664626161633738303639
61353433326432303430313332356264653933373132646530623365623332323435373433623835
65623332366230336465333231393930636536646336303766663535316165653336623366346636
65656137396339653339313866326235323333653066326365393337363665393266316438616461
66613835663035306332346461643461383261626161373532656366343733613138373762636538
65313930646433303733636338643035323637303038653162373661623733383131646437616437
66633335663961623439356365656539643763396463313163393634633137616433343033316139
30336130303461623630346634613364373466623239323765316364613635663635666536373937
39353163653033656461303665393338303136653136336135333764616536343834346430373932
63306636613761333430326365343863313666646363383861666235363462343031393164336362
62613762393433386136303764303130646463336339386538346233343666383032653762373032
63623335323734623863336139333464623361326135663864663365666262363363653032326462
36393536616563643565303032656231363031666536656462616139386531393761666263613266
32323839383665366136613831343139616633613039333933336636666535393036303138346431
64616265366430363636663232613866393463303461303036316265666430616338386237653131
33323633343039613365643865306434366532336435376265653733396462393135333663393637
66333761363562313739303162626161656237356639383230646630306537323533646430323430
36613636323930363138333863396537373639333536636161666161313736613666386565373937
33303038393537343033663734356632663435343333313365643832663636346330353465393062
33393364613536313863653864356631386136386261306263353034373637623833316137656431
65336531653932326536623837323638613666666465366164663430633837323365366561393264
34323331353765393733643834626264643033613662393766323561303163643738373736383965
32633461386334383461383332393765626463353930316438313865613463393837303532356531
30363936656566323238396364343138316431353333663666323631373433353335396431333534
63383139626338393463353863663230366561653461626432376561356531633536303633646165
65346162363061383633373139663035643566346364393263643037323962316235613432656436
66303062666562626238353962336562316535626463326438333533623837633836363561386238
38313961336136343564363862653036313465613737323233623063636237326630313331646630
61336333643539633233383661396132643564613736386535653862343936653034393363376138
39653966373965396136633631663461333862626532333163386431336262643066663937663630
37353630633436363139376632363333653335646533646466326438363064333665633232323631
36653230303463373435633934623931353938336432306665633266363935333861303032643432
65386339336362666134363361346138343238383663643864636534333361623930653764326265
63323635373130353631373065643864386565383464353232306663303132656564343537376137
34333061613532326433656561633034656638656562623663346230313661343738336165613462
32623538306162636661396137613931656636363132363961646136626266653439616239353832
33653939396262363338643565616366346635366437363033313139383933653133333633383131
63326337613030623962373732323065306263343330633237386235316537343631396634366630
38343834613432366635376530306566323665383731356138396135313935363561633066623136
66323364356439633030643230383730343266303830623165363833356438346161356633643539
64343633653731633333636564663031613463396263336435323965626638613134643365326664
35336334613436373734396263656438333732633138346636313531366231356433313463613865
35393438303761653538333835333038363139653163653639343462316135373439643135636136
66316337653236363934623865653536346232363464636337663235303630646436316563326233
39373235386462653938333039383566343736363135353035383439356233613539323037643038
37663565613464333933383532373933653834386264396438613537373563373832643232666165
39653434353132633530346465663361303334313431356161386631653436616363313036366664
62326465343439643262303936313539333563653137393166386232303931313132616636373861
62346137636665313666383762356531666164643234353039626136663031393066313865376332
62303966343264356265353935393634623164663339393930306439383135633634343335316365
37373864383936346635666362323165333034366636393932656366633437393662343965663038
38386339353332643235663762653063356266303431396464646539396638373239393634626566
39626433333735656335323437643137383738366162396131343035303434383136636162323363
36666462366633393339613439356536333036386136313665636236396236393632636266393766
33373762373431356263353638643531306431326539656538613338383164303635356165366163
3134373331346237343530636564633133306433313964313263
