$ANSIBLE_VAULT;1.1;AES256
61333530633037333962346639393138356165326565336338653134356434663437343461306634
3461383364383763313662343662346634306464333935390a323137623330336361623530613236
30633235396533303836303466646237663036623132396639373330626532383235343236376134
3333306536616466330a346365303031376238626634353232653033306465353736633934373665
39653539383834646339333162313366306132366262356464346166623132313462396265316665
65363266373733613136616665396636383835303431333363666462336233663565386162636462
38656366336437323836646137353738356334373265333535316263643236323431653836383238
34376638326463303931643664616539383134313437326636313539306533336637623833363435
35623561343932663338363339363432646266306265376262373335366163383862633962363931
65393361396366323333383964633838653130613335663261346535393765303337646437653962
39313936356235613435393531323434393965663762663236346136653566666565353963623062
31623339303264333161633962643930383664396139393263633931323961383238633562653836
65383564346166623466326232346239666138353332633666636265316438373166383530323663
61373634653036353832653731656636613765303961613938383038663736623539613033633031
64326431333466383134366130353639303837313138386630396639643331636231373534326566
32616535363631383936313733396236623338656664336131316133323030656630336531646565
37343036363630333537613166383937363639396332373630383032366236393331376664653034
63643036306535643064393666613430626565333165396635303965633332656462383163663263
66633663306464393563633032656134613935373930373637353063333665326632316265383533
37353139313665643239663338303832643566353330643838656564313339393764306137376139
31396431373161396138613836666132653236356464623763623339663135306231393537636163
36643034333532326164653635373864653963316661666335633036663564633361666630383930
31616362656634303130616338646661653566666532666465376531656262613664633930643531
63353838633439373034313236353935613536323133636132613131666664623264633465616162
33656338653666396237353064626465663131646235306632396434343137353537336561313733
38363265336437366232613964356538366136663236316663343835666665626339333832336331
34343164623139616539383830363235636462393439316433636434306663663130336139663937
33613136323135663534316536613431323166393931643165663134313264383031636536636166
39306536373936613337376636386238323361323462363037376638333332333337373339323634
36613861323664613039366233393365353234643037376232396165353432326362663430356162
37393739313738613262326433336631643662613166343339653232313138653762386265613862
36623866656432393362656534333836656462623062383238663333663035366366656335333631
65386236333839643432343563626366383734643362663265323965336435666339356662373032
39636664333561656639316639656430373161353931626164626133636237333134653833343731
39303365393363383335363764336335313763613139353665303766643864373164666230306339
66623738316134616362626431396339303530383031356434346135363265336130363335363438
38646133636564373432316266306562396236363132333938643163616433656335346437396462
38363333366664646235343331353137366466666434396432303366393132343338666633653139
38343037386363623338623238363161316437646439386466343831656365633465366134303630
63323435636462663665
